>> jps_std

jps_std =

    0.1305    0.0172    0.0983    0.1519    0.0252    0.0268    0.0170
    0.0590    0.0640    0.1375    0.3783    0.1722    0.0448    0.0234
    0.1593    0.1127    0.3628    0.1362    0.1994    0.2513    0.0456
    0.4056    0.0539    0.1326    0.2203    0.5282    0.1375    0.0218
    0.4569    0.6560    0.7340    0.9778    0.7306    0.1662    0.0286

>> jps_mean

jps_mean =

    0.1482    0.1063    0.1487    0.1656    0.0785    0.0929    0.0707
    0.1827    0.1426    0.1610    0.4306    0.2201    0.0860    0.0696
    0.3647    0.1956    0.3137    0.1704    0.2215    0.1997    0.0947
    0.4141    0.2207    0.2285    0.2742    0.6956    0.1936    0.0761
    0.5846    0.7448    0.6149    0.6426    0.5321    0.1599    0.0736

>> as_std

as_std =

    0.5515    0.4041    0.5365    0.3175    0.1544    0.1344    0.0982
    1.2564    0.9558    0.9188    2.1298    0.6584    0.2128    0.0915
    9.8487    3.2541    2.1480    1.9529    0.3563    0.5157    0.1529
    6.4283    5.4414    4.5700    6.0645    1.7204    0.6052    0.2247
   13.3052   17.0184   12.9840    7.3987    1.0893    0.5400    0.3149

>> as_mean

as_mean =

    0.5515    0.4041    0.5365    0.3175    0.1544    0.1344    0.0982
    1.2564    0.9558    0.9188    2.1298    0.6584    0.2128    0.0915
    9.8487    3.2541    2.1480    1.9529    0.3563    0.5157    0.1529
    6.4283    5.4414    4.5700    6.0645    1.7204    0.6052    0.2247
   13.3052   17.0184   12.9840    7.3987    1.0893    0.5400    0.3149